100
0 91
2071
4509
4753
5086
6839
4854
5406
4698
4603
8648
4400
58
5570
1749
8650
206
4505
1525
2917
4591
5555
163
4726
79
5301
9728
5085
4829
7263
4662
4641
4742
7398
5132
4590
4738
4480
7843
4714
4794
119
5861
5730
4604
4568
5186
4548
9103
6656
4980
9416
5910
4754
9560
4592
4508
4709
105
7126
6265
6490
4903
1014
4302
6447
7743
4925
7050
3959
9333
5819
2269
4796
4679
6335
4586
9882
5525
2085
4483
9096
4661
4830
4647
4727
1659
5018
4872
5260
4678
1546
1 111
886
5667
8456
8938
5231
6312
9467
4007
4485
7353
6155
2398
7773
4955
3513
5657
7912
1788
3905
2064
3294
7785
9848
4322
1987
8544
5140
4217
2439
7219
4497
5445
4058
9317
3625
4268
1325
3124
3989
2151
7104
4264
3907
6418
2212
7383
6537
1599
2263
6039
1448
3644
2005
8320
2029
3538
2646
9342
6580
2867
2793
2280
537
2706
7644
9510
9475
848
9866
7951
7880
8113
3783
7978
5306
7568
2672
3079
5983
5382
486
6042
1785
7304
2745
2961
5230
7299
3152
9322
3514
2509
42
6203
5722
4628
5312
2900
2754
5934
4051
5815
3699
6174
3920
629
8355
7655
3341
2504
3143
2 111
1362
7034
566
7918
3917
3059
3318
698
2379
9363
3614
8317
4253
4526
4296
613
6893
9112
1873
3557
9813
2381
392
1070
3587
3442
5678
2515
1695
9421
3935
9290
846
4413
3883
2455
232
2281
3691
9591
3506
262
3909
4049
8400
2392
176
2414
1806
3275
9488
3604
319
1366
3682
8955
1894
9608
1092
1565
2624
9995
3262
531
8888
3141
4494
1532
4936
2172
464
2030
3182
3680
4515
1981
1458
2415
3001
1544
4060
2796
4044
336
1762
2435
3227
2418
668
1677
4036
1863
2734
1445
7523
1572
3649
2144
1287
2770
3056
2175
9063
671
8731
9898
1125
8940
3740
8667
4456
3 111
9300
72
8681
3563
8714
6031
5162
956
5142
7496
220
9819
89
5561
9530
5996
3193
2255
6800
580
4113
5064
1908
5023
8623
5500
4221
9717
9958
3755
5388
2779
6303
6584
1320
8611
5177
8159
9184
5414
2872
5782
5062
6187
1451
5643
752
8071
5111
2229
9547
6943
908
7966
8381
8862
7235
9616
1923
2658
5221
5855
3956
7859
3226
6236
9617
101
7144
831
3569
241
4748
9561
8866
8451
5608
1568
9524
5595
4080
9114
5350
5341
2519
3565
5522
7614
432
8591
1056
2802
9586
9527
9615
1059
3420
9756
5578
236
1961
6456
3279
5968
2467
5101
6462
9687
8682
1858
1372
4 111
3473
1625
109
122
2494
535
3248
1756
9567
9701
9922
9525
2886
9900
8666
507
9595
121
1800
445
9554
9599
949
1707
3992
3627
7533
449
2755
2774
2649
1834
748
1807
2909
5665
7829
2710
7680
1378
1293
219
340
980
3195
2578
9542
9582
9572
1099
421
144
151
6514
806
2456
9597
9824
703
8848
495
9693
3752
2129
9651
6981
2783
4096
1097
9937
9541
2113
107
3265
172
1795
9694
9842
1896
3490
9576
9734
9625
2271
9573
2905
4529
484
8858
4088
1895
684
126
2877
2627
2312
6156
504
6899
9544
9915
3165
1899
8868
2852
9933
1037
2743
9724
9713
9781
5 100
7615
3651
4788
1859
8169
5324
7593
1789
4934
110
4093
4278
8406
2724
2146
4907
5768
594
3048
906
4918
6788
33
765
9722
1019
4267
8036
2548
5281
2940
5129
2777
415
82
649
4572
175
6372
4079
4917
7039
3519
1098
9821
4786
1217
3988
7347
9304
3445
854
353
3330
8762
9628
4519
4939
1797
3092
5183
3763
203
620
3524
6816
9818
5418
273
5514
3602
2596
4576
182
5481
152
1562
1213
1260
728
3927
3372
6640
6872
4236
8920
4469
3821
426
4833
8982
9464
3403
1588
4277
574
3018
251
5395
2290
6 101
7687
4668
1010
1003
1872
6008
3597
7385
3063
6641
2599
4927
4884
2983
3140
4155
708
6250
1343
5031
9209
2340
55
5063
7980
4630
202
1439
388
1640
1836
9
1
5798
5833
2655
3407
9216
5169
3293
14
7749
5594
1418
6975
985
3046
7099
851
4684
2422
1601
732
3
640
7
3493
5342
3326
634
993
6323
7047
5373
1718
3501
6423
5286
722
534
1251
1860
6517
30
652
7458
4765
7307
4681
5701
2615
1348
6134
6562
3071
1422
1047
5272
3128
4167
134
9751
2058
974
5549
5344
1042
4346
9039
8797
585
7 101
4104
3400
1963
5377
3477
7277
6674
1775
8892
271
1940
863
3815
2589
7273
9175
6078
3097
2638
3976
1682
4164
4378
1188
2991
2474
3806
9204
4375
8251
2038
9071
1475
2715
1031
3848
2881
2686
1970
3449
2458
8484
8642
1646
6317
1885
2238
4801
1095
1566
4139
4809
1556
2934
8748
3391
1310
787
9654
2347
3008
3406
2348
8021
822
2488
2106
3299
6708
2822
1240
2807
7055
3344
2356
8656
8517
8700
8545
8453
3359
1261
3943
1988
7349
348
8478
3998
6769
4610
1479
1470
4306
8953
713
2602
7425
8284
2772
9375
823
8 91
5493
8336
6827
5702
8664
4777
1649
1781
159
7906
2511
373
2910
5117
6260
8413
5748
9920
7577
3010
4673
5715
6625
6470
1413
4877
5345
4206
1393
5207
8646
6401
934
196
9018
9310
970
31
7183
6779
6006
6214
7421
2184
7602
2257
333
5596
1180
5092
5620
5205
1726
5652
1914
5902
5321
5945
9384
8444
7135
19
5519
894
4946
7821
8913
416
4989
1289
7923
7058
4864
8318
8146
312
5380
4827
1994
8179
235
9301
810
6096
3338
4358
4875
1267
8919
4328
545
9 103
5995
9089
407
3877
284
9556
3509
5867
6012
3825
2626
1772
624
2945
3112
8845
3148
2278
733
2648
4869
5573
693
1972
7013
3898
912
8548
1212
9832
1027
3677
3029
508
3170
8289
8944
1461
3316
2875
1353
8160
1739
6121
1853
1250
2844
3638
1700
1489
1992
3947
3204
1709
5818
5563
244
4356
2971
1202
8939
2313
6598
7888
6529
3394
679
382
8412
7826
2354
2762
5842
7294
3134
3952
790
4445
2409
1758
2897
1101
2450
1866
6208
5689
600
6782
3214
9503
9570
8366
5781
362
4250
3241
9735
2969
1305
3711
9388
5727
6946
10 102
9673
1029
4450
7128
4176
3591
9518
370
2579
2531
2095
9124
3363
1710
755
123
5187
9825
3583
6151
786
8774
7245
4293
9795
292
9758
3460
479
4050
2791
3350
2605
8867
2241
2607
9083
3861
2436
26
2588
1699
471
4246
3137
1541
102
609
6630
3491
6210
6837
3062
7085
1578
2837
8830
9843
1068
2576
1607
3365
2245
4321
1689
4125
4385
3043
9823
4447
1165
190
145
9827
4441
2776
1812
2718
9048
4363
9127
8001
7862
1574
1307
4938
882
4423
4064
3914
9605
4343
1995
2471
4135
8193
492
9805
9138
224
420
9447
11 101
797
5165
4762
5567
2007
1104
4504
4999
5157
7311
5026
28
115
518
5234
7545
5626
8622
5470
4657
1767
1790
91
8301
5008
7601
5944
253
113
4537
21
17
9879
2572
4560
5588
7215
9143
2227
6866
1648
7528
8732
8589
54
5379
1023
4888
4660
8936
6506
205
784
5485
4991
5057
9264
8216
778
141
168
3035
3478
9792
902
9697
622
1083
6604
4669
632
1106
5244
9767
4330
5619
5666
6957
3823
2637
6383
871
8671
5633
4930
5905
888
9862
8894
257
4432
9978
877
918
2535
3433
4688
961
5209
6400
6276
12 103
1892
969
5963
4958
5015
2483
4840
1635
5775
3387
5179
6607
5106
5831
8640
801
704
6330
1361
4599
6034
4276
2140
4835
6298
8707
8698
5749
5865
7865
8541
4458
5681
8172
6437
394
7748
5251
8957
2426
4491
5523
9511
1195
6496
5146
5771
4631
4283
3205
4570
6175
8977
4803
4744
5686
1917
8948
8988
4209
6172
4460
2429
1701
9992
5736
5848
4540
4530
4682
731
3818
7671
1600
409
6735
4473
6161
959
7690
7786
5849
7778
4471
7598
6523
4952
7052
5385
3547
1674
5683
1955
6040
5326
9243
5100
5915
4078
4665
6050
5558
6341
13 114
5790
2896
1303
7053
1636
6304
2283
6565
5437
5795
8040
7156
4117
1945
7696
1722
8770
7564
4459
8395
5524
1088
968
2334
2687
4804
1477
2893
5754
1661
4769
3270
8334
6608
6438
2034
3702
5016
8927
6169
3388
8039
6226
5280
5289
8032
7739
1380
7904
7031
2520
6117
513
8787
4474
4843
5178
1001
6397
512
4899
4440
5425
2670
9004
308
8245
3669
604
8050
5147
6869
7944
596
8978
2427
6742
1611
7648
7616
1675
6300
2428
2560
8299
4281
7072
4752
705
9762
8885
8200
593
2996
5257
8439
967
1145
7260
4340
404
69
1820
776
4210
3496
5
2224
8287
5096
4831
5741
5127
8555
14 91
556
2660
4905
4395
2767
4190
5032
589
608
1818
3666
3033
6339
4885
1733
550
515
2790
1424
6952
1826
2925
61
4538
3368
4906
8549
8566
490
4041
5223
1009
6891
6258
3045
75
5041
59
1545
9107
9610
1136
5948
4694
5496
6814
4784
8851
1008
880
4545
3050
4658
2827
4316
2032
4957
9094
7686
6414
86
960
434
4817
5877
2268
2993
4832
543
356
4105
2208
4766
1359
5061
1658
4364
1225
9298
2654
2556
6931
4873
1748
331
4552
9345
377
5408
5728
4542
15 86
1333
7459
5917
7993
4723
523
7333
9742
7317
1705
7727
7197
1793
8651
7768
3379
5828
7075
2361
9460
7488
7814
6426
6889
8150
8068
451
4159
7238
5838
721
3686
4324
84
7030
9612
7079
1245
7069
7230
8613
3367
9839
8837
9197
9129
841
6532
7834
5845
6969
6590
7432
5809
8235
6759
9435
1388
7900
7658
6699
6002
1073
8056
4132
4383
7201
4222
8968
4285
8766
7968
7623
9277
7122
3685
1777
8233
9294
1301
6728
6723
5801
2362
8925
3354
16 113
5871
1819
1137
5128
5224
1082
1650
6084
6378
4985
8380
4265
4655
9325
7209
5247
2083
2121
4338
8981
5245
5421
5077
8662
3706
7044
7679
9688
8330
881
4408
5028
8023
4520
8629
8516
1464
5124
5553
7971
4365
1857
6871
1913
8137
7474
7816
5218
5543
1440
1731
832
3446
5821
6278
8911
3090
1296
557
3054
8474
5908
1622
2460
6955
1054
5336
5586
9012
7477
2768
2126
874
3423
1584
6902
6794
7989
658
1570
2009
2999
650
7975
1394
5175
379
4453
6815
214
212
7302
5672
8105
6867
8550
8852
7236
1878
2757
3032
1642
6895
8465
5960
3730
7475
365
4977
5398
3786
6088
4332
17 100
9899
247
5836
166
5138
162
8839
8721
5965
8718
1357
7589
6235
5759
8398
5610
7605
3978
4743
5977
7046
4434
8971
7886
3034
4347
6240
5302
4664
5402
6230
5357
6634
4848
8104
4704
6527
6024
498
4821
4770
2084
3258
5970
9706
9208
2552
9919
4562
607
5714
6087
6129
4500
2709
1371
2333
5733
5364
5477
2194
9696
9084
5510
4534
3467
6274
7267
4465
4489
5228
9420
5084
689
4720
4557
4511
5879
1160
4634
5051
576
9600
554
9622
6918
2915
1397
4792
359
4915
8499
5278
4490
6683
4636
5116
9412
9383
4457
18 115
1881
3517
3607
8256
6714
6643
7716
8328
5160
6561
9271
1040
6681
3348
4847
8031
4232
5134
759
6787
1190
9315
9739
6665
5458
6387
2101
5757
6581
5451
1081
2387
2243
7955
8881
4212
1861
3802
4881
3188
9432
552
1550
7149
9022
3487
279
6621
4030
1025
7794
6887
1779
9191
6545
4071
2591
2978
5494
7563
3082
8276
1278
5985
4836
7706
4308
9007
737
6993
4972
1500
6234
7744
3384
5577
2826
2799
5072
2771
2453
8561
7811
3250
5592
5022
1654
6271
6695
4240
4880
9187
6217
9859
2836
9798
2247
7137
6310
8187
305
7898
6477
297
5778
1979
9308
5213
1356
5153
8579
6192
2869
8025
802
19 87
5584
8408
9708
9636
7704
1175
9749
9763
946
4128
6637
6519
9828
9634
6213
9148
3185
9925
2747
9980
9323
2922
9784
3068
9660
9957
3417
8485
2165
7438
9857
6614
8085
8603
3040
9674
8870
9731
6961
7855
5536
3556
9658
5987
2451
7526
7150
2491
1142
5974
8932
4397
6004
2967
5661
3716
2476
7281
3619
1381
3869
2218
8147
9666
7621
7507
1763
5966
6654
6667
6291
8966
656
9704
3224
1227
6591
9754
9276
8534
6069
9632
9710
2689
7175
8532
9702
20 103
4909
5576
3516
6531
9875
6439
6122
3770
3504
9858
4225
2350
5168
70
8224
5990
7481
1011
6757
7462
5568
6272
9311
1653
1342
3251
4215
9006
1302
7793
9893
7138
9845
7817
6076
2521
7995
5311
1978
8438
4108
6886
3642
5753
6107
9152
4689
6689
8199
413
5807
7217
5777
5432
5363
3803
8255
1478
5674
5557
5073
6292
5591
5075
7155
6225
5052
7812
1662
5740
2868
4964
1723
4676
4760
6136
3236
8676
6914
1002
5864
2835
7542
6680
8121
9891
1946
6116
7343
6694
5256
6309
9797
5794
7943
5279
1089
9799
5095
6620
6664
551
2559
21 82
7624
9438
9682
1771
8144
9142
9737
8361
2231
9346
7213
8351
6860
5080
7646
3842
6651
6112
2383
1051
1634
3196
9443
1139
3942
4272
6127
8446
5019
2617
2538
4024
1185
7895
8017
9691
6386
8929
2265
4653
1147
7770
1843
3131
7173
5184
2525
2088
1597
998
2616
6469
3985
7608
7062
3198
8385
4467
3004
8952
2800
9877
4431
7358
6184
6178
7248
2086
6098
8795
4695
7440
4019
8432
4997
7930
9507
5972
5812
5538
9227
7936
22 86
6509
3305
1274
7521
1406
8641
8093
9364
9245
4601
1561
7981
2984
6263
7673
1118
1043
3036
1079
553
7781
4334
1398
5229
2207
1576
6434
5333
8634
3072
3175
6554
3273
9255
9863
952
9115
4842
3057
944
7025
3207
7617
481
384
2487
1717
8475
2222
3748
1638
6616
3775
9377
1421
142
9232
719
3921
7753
8097
9085
9940
7948
5067
5663
9100
9943
3791
1269
4282
7204
8394
7801
3217
7937
7142
8828
8132
8374
1672
7866
9051
1252
4005
6171
23 102
3600
5273
4764
4354
4266
8466
5515
2748
8995
1814
6347
3571
2708
7443
5282
4452
6605
3564
1487
9185
5664
1560
3402
1335
7022
6132
1214
4860
3053
2037
8713
8326
4115
730
8473
2544
3674
5484
2558
5123
5903
6065
5325
9587
3376
2461
1055
7490
4654
2857
9013
829
2076
3492
5396
2595
6322
9398
1656
853
1530
3523
8335
7800
1595
5076
5642
5834
1153
2123
3632
9718
6772
2332
6765
9918
8910
4518
753
9855
7905
6551
9895
7464
1919
6301
1837
5767
1538
1395
6874
4667
9246
1375
2831
8522
4719
8094
5744
8980
1621
8397
24 103
3425
3320
2842
2939
9237
283
427
1520
3829
660
5680
2587
1295
8846
9579
662
1272
914
1518
7348
1352
6767
2943
1120
2138
1249
3562
3879
2147
3620
5793
3399
3637
1328
1370
2958
1327
4111
3189
6190
2664
8954
996
2938
9334
8842
7756
1918
1239
1064
1502
8430
9683
4320
7837
1156
3880
2352
2115
1107
3997
913
193
4361
3301
2080
3474
2203
2738
9534
539
396
6973
2154
4119
215
7272
1462
4002
8529
579
3812
2575
9263
9532
1326
2972
942
1491
1174
9139
5688
9514
4152
524
4063
9449
2843
9373
563
1045
2159
6536
25 106
9256
9884
5542
5002
8300
4659
9095
9769
879
8214
4680
5017
4401
4640
7264
9355
4663
4725
118
5131
3278
9397
8215
4584
117
6448
5651
4705
6701
4797
5087
8649
7399
161
5718
4391
8588
491
53
4536
5719
1135
5259
4569
4700
5976
4741
4463
4506
4484
5320
5431
5554
5862
357
6106
4708
4729
3912
7125
4739
5043
181
7329
6489
4605
4853
4589
5526
4594
4730
4567
9356
8900
4710
7422
104
1660
4639
4737
6446
2551
7291
5720
5978
9415
4855
4828
7328
4394
4593
4697
6491
5430
555
4613
1547
4512
9258
4646
7309
4585
9417
332
4776
4462
26 102
5182
9349
1729
3006
1066
6318
9623
8979
358
2979
9504
6130
6876
5176
3544
3014
4543
4795
4916
7386
351
7478
7885
8520
4969
3000
4933
8580
9707
6200
2902
6929
813
5029
5629
5372
1259
4464
9459
3444
1169
917
749
8188
5872
561
4735
6932
5609
8712
9817
2585
6133
6865
8382
9419
417
354
1465
2466
5090
9921
3980
5587
7604
575
7697
6415
6150
3673
5625
7740
9601
4978
5717
8046
5859
1743
6023
5225
5969
4638
8539
3351
8375
1823
2403
6773
548
3091
2659
4581
5732
4948
1958
6657
5486
4488
1639
4862
5050
5419
27 106
8327
3027
6247
8884
6067
1377
6362
9853
1337
1144
5895
3201
4691
5154
9086
4733
8265
9480
9808
5710
8053
4812
2788
6923
6354
8895
5448
3274
595
4818
5436
2067
2166
7387
7516
8100
5611
777
8945
6452
7561
6731
592
6370
6582
2431
6267
6201
6524
2246
7480
5102
4975
6025
2484
1220
6408
3668
2441
7261
8975
4389
8964
8418
8901
8083
6451
6770
8435
7417
4339
7610
9062
9354
3766
7708
2995
8186
6135
7550
6319
9156
5697
5639
2385
8298
2669
8087
6601
2296
6868
9720
930
8821
3076
8609
8880
3938
5886
2632
920
1924
6131
8061
5936
2609
28 102
7804
237
7973
7732
221
7145
6461
8158
5560
5171
6128
6033
1321
8239
3541
9555
9522
8612
2778
4327
3375
9328
5854
5512
7842
5747
6085
5161
8599
7330
6909
6379
751
3088
830
6501
5144
3382
7573
5292
8679
3357
1450
8308
7849
2679
7123
7361
242
5713
6478
88
7642
100
927
1730
1681
8176
633
8501
9963
6455
9757
8391
6525
9005
5331
6089
2657
1813
4996
6801
4963
9812
8926
4871
8989
4510
9585
7965
9656
2230
5627
6679
9716
4984
9820
4546
2640
1586
7456
9686
4650
8802
9589
5783
5120
511
9596
6302
4942
8815
29 111
2310
2327
1997
1218
8378
9446
3078
1934
3550
5685
3656
3026
8027
8312
3946
9783
7244
2068
9099
6897
7220
3645
7795
6940
771
2673
2149
3427
3623
4551
6114
263
738
8198
4882
8213
5455
1340
3421
313
3180
3074
1563
1684
4482
7961
1845
3307
3065
4974
9222
2437
2329
9787
8066
9456
2887
2561
4065
4370
2253
7368
4146
5174
1694
249
2936
3966
1505
7953
9681
849
1711
1761
4314
5953
9677
4372
1949
2928
5190
1609
3548
496
419
9665
3380
2116
9911
9648
768
2765
5040
3426
8212
645
2477
9902
3558
7878
238
9015
1735
8946
9580
5255
2375
542
4286
2097
3393
30 86
9588
3500
714
4498
3465
9045
2656
4086
1719
3434
2134
1408
9164
936
11
1754
1910
8168
2853
3931
2008
7435
277
2444
9516
3415
3940
1838
9134
9569
1434
3508
729
4403
1410
2364
2518
5979
8415
647
868
2480
4029
8986
808
1882
3899
4047
9194
1889
2225
5193
2563
9154
9010
7165
8136
2614
6059
793
2275
6877
63
690
9145
5299
3044
3020
8183
4121
1364
8005
9286
3259
1437
9982
5113
8618
3039
3617
1613
4227
770
458
2541
3688
31 109
4303
1782
3570
744
8226
1575
3592
7466
304
4156
391
1657
9253
8617
8363
4878
1284
378
3374
1555
7509
648
1206
6058
3963
64
9357
2135
5070
4404
3183
372
3277
9365
3231
3518
860
2424
5060
3329
457
4932
3601
5365
499
9306
258
4148
3435
8793
892
7566
4926
4106
2536
2838
1222
4309
9104
2812
1901
2421
250
3463
7719
7436
1582
901
2517
3616
2951
2443
3105
899
2226
4287
4043
256
3843
1976
1078
3960
6963
3451
2948
3311
7498
4351
890
266
8874
2282
9772
3727
3021
8182
3007
6610
306
1900
459
4949
160
1021
5638
1507
3774
867
1594
32 89
3704
7935
3762
5405
2216
1058
1877
3051
7964
3178
2545
9135
8048
8950
5351
727
3086
2339
2818
324
8388
3860
442
4114
1373
1870
1344
2786
8070
2623
2911
1159
4353
6627
2242
3987
4070
211
1216
473
7988
3522
904
3052
973
1529
9517
2661
2353
1583
3726
1198
873
963
2652
2133
955
7733
4846
2082
8590
1157
907
4913
1904
2723
1559
4153
866
6606
4149
972
4331
2050
1472
2287
1115
8379
7998
5009
2125
5013
74
5027
1481
7363
2051
700
7994
33 102
1300
3484
3708
1569
2675
2914
5653
8915
5012
5110
4962
1207
8338
367
1871
4901
9396
2145
6813
5220
3104
4870
7154
2215
213
4995
443
3150
2459
2323
2423
8060
3670
1907
519
7372
8897
5601
9881
9870
1313
1483
1247
2062
6348
6942
1590
657
9975
6237
8372
1441
9771
3690
4318
5367
581
5006
8557
7045
1964
8263
4779
5870
4834
5964
709
7662
5404
4976
7473
8339
8078
7049
6186
4092
3729
9399
3785
5559
2862
8661
3705
3089
5820
2941
366
8861
6273
5330
588
6377
8467
2653
9269
431
1641
8392
2321
3598
7176
8135
34 106
8457
77
1358
143
4956
1347
6603
4987
4904
520
233
1177
5021
4399
204
4898
6314
5300
5030
6338
4622
1423
8972
4645
334
8865
7782
278
5650
9105
7764
8442
9414
4763
3891
5082
66
8973
1844
3469
9252
5136
5378
3369
4629
9257
4561
73
935
7949
9207
783
584
619
9512
4699
7763
2918
5055
4189
4775
5959
201
5166
9040
4553
1455
9463
4783
1121
208
4990
4889
9457
8663
179
4503
2828
52
5939
1734
1412
4393
7310
5911
5319
3164
2537
6838
6922
157
5579
8672
164
103
3468
4740
2072
56
1391
6951
4883
8912
5407
1526
32
35 109
9699
6693
5069
5946
5156
4908
3073
9009
4757
8985
8286
7700
7497
725
8593
621
2479
2305
4085
852
6718
8578
7210
9316
4091
5984
5401
4235
1350
2562
4345
796
6979
1435
9847
8275
1018
4789
6956
6476
1768
639
7442
9190
8092
1103
5929
2619
691
1285
1755
6016
8814
3303
3881
8832
3058
16
758
9766
2592
6277
7148
2787
4200
2954
1883
6615
2324
2977
1643
9979
5575
27
9181
7216
5253
2834
3037
992
1407
4211
3260
9750
5700
1084
1006
7779
5621
7562
3939
9254
9788
7529
7485
991
9440
9376
6885
2847
905
2499
6398
4045
6994
707
651
1411
1977
36 106
2070
6933
4805
4559
9609
5356
1747
5303
4728
4693
4582
6700
92
4577
9521
4950
7290
5042
158
4478
6416
5539
4876
167
5566
112
7844
4839
4716
3545
6505
4715
4820
7297
60
1013
4624
9332
3163
2916
9695
5758
5729
3665
8270
6655
6215
4547
4671
7327
4887
6259
78
4507
5047
4702
514
3546
688
1524
4806
7182
6930
246
5540
7828
5878
8441
4826
6624
4625
8458
5541
6229
4793
9458
5046
1449
1825
62
4703
5003
5164
9559
5083
2980
5137
8720
1275
165
9529
9558
1224
6500
7588
6826
6402
9611
6266
5491
4596
2636
5353
4621
355
6216
37 106
7413
3663
3107
5424
3866
1189
2621
2593
6564
7725
7093
3799
9498
6390
9947
7996
7071
7517
12
8480
4133
7362
9804
3323
9938
7919
1835
5988
4914
8906
2865
7698
1288
5803
6027
5534
7940
7166
6594
6168
8827
4994
3187
383
5288
3192
8564
3485
5381
1780
8890
7040
2335
3846
4367
1960
4
6056
8879
9324
1273
2523
6062
9003
6320
2803
9141
3816
5000
6412
1179
1821
5010
4311
4273
1256
5149
536
5503
2698
3212
3253
3208
8402
1417
9385
7815
8252
2714
951
2401
7433
8942
2612
5709
3031
8034
1890
2707
9244
5786
374
2481
7397
6754
603
38 107
1929
8217
7736
1778
2500
6218
9747
7921
6233
7426
9270
8096
7111
9023
7502
6191
3238
2389
975
4879
5212
3370
2223
7157
6796
5267
1024
2452
9186
5885
7761
3383
1277
736
8526
5894
6713
4961
4852
4971
8057
5457
7731
8110
7653
8764
1041
7112
3313
6141
1355
8576
7982
7146
5071
405
5826
1876
5133
7453
8015
5039
1499
6388
7500
1610
8587
5349
8253
8393
8567
4822
7447
5413
8903
3606
1080
4924
5935
5456
6342
8369
9172
8041
8560
7262
9431
7910
1549
3486
8724
1880
8826
3964
3347
2033
9904
8262
7147
4254
9219
6702
4986
5501
7429
1226
5249
39 87
4988
533
4495
3741
7014
1732
6262
6
9382
453
8645
18
10
3070
718
5417
3962
4042
4357
2120
1915
809
140
7153
9046
3593
1128
5088
887
4874
4259
4807
9102
674
186
85
3377
3438
2
4633
2926
4951
1399
4945
189
3325
6364
8722
4635
4712
3929
461
9761
474
5673
5706
5246
8002
8794
8918
558
3337
1725
7858
6007
9950
945
4863
3747
2547
5632
1392
4315
0
3661
3875
820
7059
4816
2534
8736
7576
6919
71
9170
6095
4388
40 109
1809
1603
4614
4120
5789
1742
2904
8644
4147
9146
3827
8758
2049
2600
7681
2949
8756
294
6878
2399
9400
7945
3532
5214
3972
2343
3574
1409
701
2156
447
2092
2981
1134
1721
1968
5315
2235
9171
6118
4392
7522
7555
398
4773
6221
8004
5248
8307
1630
3290
3984
7789
3830
3749
2365
3594
8551
8449
1864
6553
856
2752
7512
1061
9153
7152
3232
2540
3586
6279
4352
3310
4198
6238
5332
2102
3643
2298
4348
4867
2010
2861
3639
7237
4791
1404
5572
2726
3657
8476
8838
3930
3087
2326
8506
5163
4016
3739
3177
7143
8416
7186
2597
9486
7569
6548
3256
1827
41 107
6352
6925
7868
4258
5411
7081
3820
5155
5888
5241
7908
5634
6543
1075
3430
4782
6143
7468
7926
4897
7018
7501
4602
8470
6954
7585
8744
7345
6959
7258
7869
5389
4706
2883
7241
8503
8353
8340
6938
8696
7532
4231
3958
8177
8459
4675
6725
3280
4780
8267
6253
7959
7278
5604
5546
8141
3969
710
8817
4558
7381
6546
2920
6660
7285
8855
5942
9034
2986
9313
4615
999
6366
8760
8209
7450
8496
8737
2667
4890
3339
7508
5644
9238
3994
4229
8067
6936
6739
7884
7200
8058
5441
7471
6802
8469
6104
6148
8922
6403
5427
9057
2098
5756
8029
7515
4228
42 89
2400
8635
2057
5343
1419
6180
8098
5897
5239
9031
5194
7301
3139
5068
9880
1720
4433
6108
4409
9944
7205
4928
1480
7544
2093
7567
7168
8556
6556
8129
9044
4317
3462
2510
1581
875
1671
4239
4026
5423
7434
3707
7638
3272
4310
8174
3003
4110
3333
6389
4451
1046
9307
2856
9230
9941
9101
1330
3145
2220
2122
8329
659
8694
7446
7802
1297
4226
889
9180
6435
6715
9078
4003
8368
2580
3160
4154
2873
3215
8893
9386
9050
3127
9002
7938
1932
4439
5585
43 87
4767
692
4787
2998
9109
3859
8082
3973
4039
2988
3129
4344
4077
4406
2473
8976
1262
9942
591
2947
8450
9240
1637
3640
3254
1515
1746
1741
9108
926
1197
1173
4410
4082
4790
2470
4539
6958
6758
911
900
2930
7449
8678
3689
2751
1076
4337
1542
4940
4808
7553
1425
1629
3658
4756
9413
855
1351
763
1133
6661
5252
9494
1585
1539
8782
5412
6550
6547
2155
2692
8562
2341
7511
2045
1579
9993
6015
9073
1798
223
4970
6324
289
1950
8896
44 87
6220
7092
9392
3284
9344
1062
3023
6337
6287
8007
741
3841
5893
987
210
3309
8498
8781
6697
4376
1990
4523
3495
8653
2527
3535
686
3540
3512
1230
4415
804
8426
5708
5981
9810
9351
6399
4747
1192
7342
740
7470
6499
3720
2200
3100
3411
6145
7378
3069
3634
6730
7836
6549
8558
6072
8304
7250
4525
9195
8063
8421
3429
129
978
137
4502
9262
3269
2574
136
7405
328
4686
2975
1854
6421
6662
3470
782
7322
7531
9408
2870
4234
1403
45 107
228
8238
8686
1557
9470
1543
7129
9536
1928
812
532
3809
2798
7437
8956
3855
3646
5725
1618
2879
2848
5079
2469
9436
2078
6764
280
505
3922
4533
3130
1676
8514
1533
8293
3229
3157
3683
9422
5852
1443
3440
8717
3276
2992
7991
3831
2163
9814
4335
631
4923
9066
2635
4136
7649
2261
9218
9564
3002
5622
3695
6920
1879
616
199
5598
1752
9962
3582
2304
3144
6840
465
870
3853
2613
5918
4033
2454
2234
8128
9052
5994
3676
9055
4486
2382
1497
2344
1678
8569
1433
2199
6533
4169
1148
1624
1751
3572
1667
3578
2766
9967
8835
3744
3712
46 86
116
4717
2091
2236
1077
6747
2712
4017
6425
4900
386
726
8065
1158
399
4109
1345
4197
5204
4896
9487
2094
8552
2846
3015
1957
2359
3732
6349
933
4193
6609
3731
4535
7637
4329
9481
3358
3146
2322
3461
8850
3911
2955
623
3675
6888
986
1822
8077
1329
2863
1655
4196
5369
5296
1123
2598
3738
8763
8409
1909
3575
5899
521
2720
9871
1808
4390
6716
1168
9768
8171
3585
2780
3352
7441
5938
9974
5734
2858
2031
7774
187
1060
655
47 82
226
7612
7735
7807
6587
2641
7536
5723
7203
2567
1140
4943
3851
5606
5474
6061
8816
7087
7401
8734
712
3836
8024
8011
1930
8278
754
6538
6749
7073
9137
4292
7722
5926
8294
6843
7977
3098
4426
6750
6140
8387
5203
7714
9159
3498
1438
789
7319
6465
9411
716
8813
8279
5814
3242
2179
6198
8296
4262
7520
3488
9027
7803
3528
8601
7325
5415
7635
9093
5961
7163
6204
2841
9151
8621
7296
2066
8853
5690
7707
7179
48 83
6165
1386
2055
8463
3117
570
6450
8428
4188
2962
3807
1604
4220
7640
8044
8009
9077
8570
4099
1941
3271
2603
3267
1999
8525
7015
8211
568
1283
8325
2395
8800
2760
8743
3577
2516
7504
8904
2759
2053
9118
9177
2629
6568
344
795
3223
6358
7036
3858
7095
9358
6913
3454
3418
1973
2797
8133
8537
1339
3684
7759
7011
3016
1948
9360
2417
3173
7666
3169
3314
9352
1921
761
8273
9493
9283
9260
8768
834
8203
8080
1738
49 103
5328
7419
5335
5467
7416
7003
4165
6995
8882
7027
1696
6752
5884
1951
7077
7757
7133
9996
7819
5236
8049
6013
5463
7410
1766
5527
5461
6810
8596
6102
6780
5746
7100
5949
2169
8118
7677
3554
6360
5158
8877
1528
5045
1208
8872
2688
7723
9297
6305
8101
8505
4054
4849
6990
7191
7876
7591
6504
6743
5804
2825
4160
2195
5482
5195
9945
8309
9482
5294
9727
9067
7613
8632
4555
9972
2402
7931
5668
2047
8072
9121
6617
4574
7699
4785
6596
6566
3167
8125
3721
8140
5648
8659
7351
8810
6848
4185
6242
4856
7158
7337
8018
6974
50 90
1007
8702
8575
7543
8984
9987
2891
9803
9059
7199
7643
3631
7454
8102
4402
3844
4813
8592
1257
6068
1221
8959
7853
6404
9220
7223
8806
1592
4734
8527
5135
255
7139
3700
7911
2196
1338
4417
6852
5266
9155
1299
7611
8185
7499
711
9239
4893
7427
1000
6987
5593
6492
6980
2894
5916
8754
2555
7503
5139
4677
931
4819
1644
8974
9846
9173
7857
7922
5122
4851
2919
1171
230
7822
6811
4960
6781
7730
4993
6976
2013
4692
7256
2185
4151
3252
8759
2338
8533
51 101
8887
2908
5443
25
2935
9714
1615
9806
8194
762
3013
3615
9905
9539
8405
2543
97
1619
2002
2039
2302
2176
2301
598
4263
3153
1151
3246
1116
2564
8799
2273
217
1468
275
641
3896
4241
3009
287
3553
4009
154
2763
1038
1852
9288
9712
3974
3138
1317
5307
3526
3530
2445
1292
3292
9520
9594
3408
1254
9523
8582
2824
9779
4838
696
2130
4130
488
1199
4245
675
614
1290
2109
6139
4014
2074
3121
1032
9212
2952
8411
2590
9743
2512
1266
1916
131
3481
1484
4100
1246
2183
9629
482
990
4269
3328
2228
52 107
1318
1102
6807
4056
9592
3893
687
5739
3789
347
6762
4429
1669
8139
6921
3873
1943
9123
9998
2018
1131
2161
1126
194
3084
3933
928
9381
3289
3559
1704
1868
9640
1453
1521
3999
2816
7491
3413
538
9198
602
368
2810
260
669
2973
1967
1494
430
7656
4183
9125
3335
3346
6393
6563
1211
6074
6094
8530
953
2419
9117
4208
1193
6101
2694
2923
743
9221
2569
1848
5580
309
1087
1632
2024
22
8970
43
4280
1229
735
1815
2285
364
3510
9450
627
8324
298
2584
1164
672
979
2678
2507
408
1279
1184
3652
583
452
9087
2739
9368
53 103
6745
5882
5614
7962
6299
6882
5460
5822
7268
9465
8789
5924
6737
7579
5920
5531
7414
5264
9986
7001
3190
5646
6632
4825
4608
8819
6559
5173
8151
8180
5439
8074
5773
5711
5216
5435
8195
4566
6910
6741
8333
5810
5760
9867
5992
7874
6846
7408
5338
9840
8604
6048
5199
2131
7251
6289
2892
6381
7694
8261
6125
6487
4606
6428
8637
7005
6406
5488
7581
7206
5360
6949
9266
5913
2895
7766
6162
6822
9889
4911
8244
7487
5787
7221
6805
5453
5475
6906
5005
6431
6985
3923
6328
9959
7737
9909
7674
8051
4866
5232
6047
7483
6028
54 86
4015
1796
1228
3083
5442
9205
3745
1282
3857
1759
9776
2143
8399
1944
2542
2119
3172
2193
3199
4025
9966
2284
5283
2505
6073
1149
5574
3441
4428
1268
1498
2737
2570
7705
3833
393
5982
5636
9990
5726
5906
1130
6185
670
9906
3605
4336
7016
5724
1030
794
4143
3060
2506
4173
3814
1057
1161
5816
9369
5513
8138
3788
2368
7010
3573
1138
369
734
9994
3895
1163
1100
3878
1501
2160
1490
4297
6099
9441
1427
1093
7096
6394
2801
4238
55 115
7747
9247
5832
3202
6783
1724
1702
1276
4670
395
958
5107
5397
4841
6170
5089
4683
3641
8095
6588
5452
5339
2608
8949
8706
5682
198
4666
6331
6083
9361
8769
5770
7597
6734
2485
5907
1196
4407
678
5784
9026
5429
8173
3085
1442
410
6179
4600
2188
4541
5860
6035
6989
4721
8803
5548
5772
7190
4627
7787
7017
5078
4531
572
8376
9326
9505
5215
1956
3718
4461
325
5054
8699
3801
5846
8987
5250
6436
8958
4492
7689
5750
2501
4823
3870
8540
6109
5386
750
8229
4953
6176
4416
4632
7672
6297
5850
5036
2141
6433
7777
6041
5287
5024
7974
2874
5737
6051
976
4571
4472
9444
1360
56 90
9314
2884
2099
8504
6365
6142
7428
5635
5887
5645
8738
5242
5545
6917
9070
8178
7960
8111
6926
7883
7120
6254
8902
9058
7667
6558
8471
5352
4257
6905
7019
8088
6105
6803
9163
9338
7108
3340
7380
8254
5941
7259
7584
5440
6953
9035
5240
5605
7240
7467
5528
3239
6544
6726
8825
3819
7867
6144
8818
8341
8354
5426
8697
7346
6939
9081
7279
8268
5390
8059
6853
6181
7927
6771
4674
7864
9024
7654
6351
6960
7870
3264
6937
6721
2610
4781
8725
6633
6147
2668
57 107
3932
9777
9571
4412
4103
9468
9098
1683
506
418
2845
3156
9223
8477
2888
2430
8236
4442
4242
1933
5189
1460
3028
2927
8404
1996
9189
2645
2753
2674
2606
6154
3990
2885
4544
9850
9426
3717
8847
4247
8841
4514
2240
3077
1294
2937
4493
138
2096
8834
9672
9206
350
9455
625
6294
2108
1510
9543
2764
8547
9157
286
4386
8857
4369
3405
9499
9557
6311
1774
599
3064
94
1617
9502
3982
1953
1509
2493
2782
676
2328
24
3422
3648
3297
3211
4444
1832
5817
9782
3862
541
361
2309
2376
2162
5687
1693
9519
3596
1757
3737
9650
3343
3613
58 107
3838
9861
5348
1982
8584
7631
2069
1627
4611
1783
9439
1716
302
702
2411
303
9603
9620
7101
8390
6481
4983
6494
6670
9402
9903
6255
819
5201
7318
7275
8429
3635
6928
2259
6934
2040
5261
5914
4037
2369
2079
1954
3125
5383
6223
2901
2406
4068
1401
7952
8673
6863
769
8863
3612
93
8607
3589
9029
9538
7832
6572
8999
4580
9075
6054
3118
7629
1713
1459
2390
2913
8767
791
2851
2201
9551
9299
1341
2330
4774
9566
4289
5600
3864
9971
1985
932
76
3356
3787
8960
699
3925
6854
3066
6733
6511
8805
826
6391
1016
1786
5755
2378
9111
59 113
2457
2270
3995
8889
3282
4174
7198
4935
261
9646
4244
2944
2676
1679
7863
4059
3122
1005
2274
2158
2279
1028
7879
4162
7986
9474
2105
1203
2025
1367
2815
192
4421
231
5210
2539
3588
6724
1939
4858
3147
436
9901
3750
8941
8249
3527
1447
4216
272
1787
1687
3805
6673
3813
1319
1186
2413
3345
850
478
929
3296
9864
8843
282
7889
1936
2001
1522
3261
2446
3154
525
3626
617
1760
4061
1830
5305
2806
2440
785
2041
3692
3133
3349
422
2639
9671
4387
9140
2358
8849
4140
821
3653
2744
1191
3135
9896
685
8775
3166
964
2695
487
825
489
4249
318
4373
5677
60 87
2628
7711
5583
7379
3761
6539
3364
8749
243
9964
4034
7659
6463
4362
5975
8258
8345
844
6395
3476
7796
8572
6927
7575
6941
2152
7760
9097
3888
9119
9679
8462
8742
4027
1162
7424
1074
8184
8951
4170
6977
3110
7180
5932
7734
5277
9515
2396
7925
8923
5840
4359
3385
4481
8204
9740
8494
807
9849
1740
2634
2314
2970
5318
8792
7583
9259
7403
8905
772
6592
2198
5466
7369
7211
7037
3536
7729
9725
9428
3404
9664
6967
9393
8045
7384
360
61 108
1898
9211
2820
402
4094
1516
3884
462
1241
2906
577
2741
2107
3659
3543
6449
3991
695
2286
8000
3321
4163
8237
2756
3753
839
2492
1831
96
9844
4118
2320
9549
218
128
4095
503
2307
3885
1166
2073
994
155
1727
9201
2110
2625
9575
805
124
1801
838
3886
9574
940
1865
564
125
147
2433
2513
4097
9563
9331
2272
2819
9936
2388
9577
2300
1368
9826
1833
4252
2308
9638
948
146
9793
529
2794
2700
127
9614
1200
3525
3710
1108
411
757
3568
270
3409
9598
4527
9692
9630
9723
2890
2781
4300
3792
2742
132
483
9581
611
3826
62 100
7769
571
4291
2464
7086
7313
1141
4427
1938
7639
7439
8487
1050
8928
7392
3863
6055
943
5151
1633
6011
6892
227
2019
3171
1668
7882
7295
8223
5020
7519
9150
2642
8143
9076
6093
8280
1596
4652
760
9347
87
6197
7321
5081
3941
8568
9213
6464
2394
177
3116
6060
7212
7873
6912
8493
5971
3926
2582
3566
4122
3243
6097
5097
9291
4612
4069
4261
8311
6385
1012
2384
4998
8386
8210
8687
835
4532
5185
1602
5973
1842
3324
8445
7808
5416
6177
4168
7063
4018
8710
7537
717
1974
8812
5721
569
3850
9280
63 113
7054
285
925
3916
229
8680
9860
2112
9183
9626
2174
9759
1414
337
9983
6224
8833
833
9655
1753
299
301
8643
349
310
9837
3342
982
1893
276
4237
3197
1323
2750
4181
1146
9526
3996
4000
2685
1851
3136
1663
909
780
1457
2985
811
9831
9984
587
3443
1322
2732
9970
2003
9199
2953
3304
3210
1446
3158
3450
9663
673
3482
586
1129
3581
8479
7382
1363
3849
3944
1117
9830
1094
1127
2420
9744
7625
957
3515
530
397
615
200
1715
9746
857
612
1467
3336
1571
1444
1862
3981
1616
463
1805
642
8389
3782
4013
9745
2148
1150
1784
4382
2489
8410
989
644
64 87
4101
2647
1824
2478
4868
6763
3096
497
8377
9501
2254
1971
8127
8281
5188
3897
646
8701
3017
5340
3381
8079
3890
3397
1993
997
5597
2604
8614
5495
7710
8020
1942
8716
9469
3075
3414
381
1920
5376
2117
8026
1219
7780
8969
9182
2056
4102
5590
4038
6669
7505
800
7825
3655
1416
3419
1736
2054
2990
4098
2405
9064
5581
5275
4144
4305
6153
2630
3957
9178
3234
4008
3919
2758
1773
6768
9278
8008
8571
2111
862
1645
3455
3904
3975
843
65 94
5233
7738
7580
5200
7418
8963
682
9973
4575
4161
1875
7479
6202
9809
4959
9841
6124
7875
3936
3765
6371
878
7218
2132
7252
6503
9960
8820
5827
1925
6984
8075
9854
6911
8181
7000
5237
7159
3924
5103
6248
5802
6738
2442
8266
9939
9910
7006
5912
8038
5675
6924
5462
6430
6898
6268
4761
6137
7932
8126
4865
5640
6560
7482
5962
9997
7675
7409
6343
2789
5217
5196
5745
4224
3722
7257
6329
9946
7269
6264
7463
9868
8260
8052
5823
5074
2297
6703
5159
8358
3191
9890
6690
7344
66 111
9670
7233
4649
7541
5752
7065
6345
7070
7987
9917
6228
7098
5881
8201
9684
9642
9303
7188
7896
9272
6374
9224
3698
6638
6018
9056
7881
9367
5152
6092
8709
8123
5670
8489
3113
8103
6901
8899
7194
8208
8691
5825
6844
5856
9037
2136
7718
8719
6965
5743
9872
6472
1429
6369
7061
5869
6036
2899
6881
6653
8165
9295
8962
8490
7670
8207
8693
923
4438
8162
6467
1552
9250
9477
8448
7254
7282
1110
3437
5630
7742
5901
1665
8668
6896
7587
9497
5347
8081
8157
7451
6635
401
5270
5699
6829
41
7684
8860
9033
7590
1984
4326
6857
5599
5796
5446
4192
7775
6443
6326
67 131
3758
7452
637
2292
2052
7009
5409
988
173
7324
1847
83
8291
9928
8824
148
9764
6037
2412
8114
4377
6243
6991
8089
4201
8383
9578
817
338
4323
1534
2533
2351
818
6000
2267
9851
7830
2784
2189
1402
8804
8665
919
3839
9028
5180
327
7929
5616
8652
9160
2363
1204
9226
8156
884
9128
7357
1712
1052
6698
7288
9404
6861
8967
2114
8447
938
4074
6211
8606
6535
7444
5444
7020
8600
3353
1794
1065
8282
9403
1124
469
7636
5226
1886
2181
3733
7355
9923
7767
6789
3693
3735
135
9661
3719
7056
9689
7246
7312
3218
4436
5875
6704
6126
2260
2898
706
3221
746
4131
9545
2410
9136
2933
7992
977
8153
6515
8491
5922
5420
2232
2063
2173
8321
2103
7102
1242
68 87
8360
95
8876
5035
8791
7335
8573
7407
7728
8507
7976
5317
4141
9886
4418
7162
7560
5274
1384
2214
6792
6542
9954
7228
8727
8323
5115
5059
6626
3773
9021
8461
8247
9726
9479
8205
7552
8753
6793
7226
5999
7713
6623
8586
8669
8934
4073
8347
5099
9340
6652
7107
7306
9235
5951
7389
7595
9130
7185
7314
6856
6196
2346
7872
1927
8257
7089
7620
7423
6444
6966
8620
9965
6357
8437
5830
5276
6486
9274
6809
7661
6193
7116
6818
8315
5735
8625
69 89
9079
9956
3696
6498
9149
3186
5271
5853
9233
5839
5262
4020
9680
3494
2964
3101
7404
8433
9685
322
5954
2773
3549
9637
6573
8583
9703
7469
46
6569
7701
5764
9981
9675
8521
1334
9633
8947
7249
9643
6663
9378
9785
7554
9391
7990
7336
5857
3151
8006
9635
3308
1983
5691
3471
3840
3868
5535
4233
5797
5631
2157
2682
6044
9732
5384
628
6043
6212
7341
7377
9669
209
4089
4618
3633
5355
9811
4213
9647
5562
9829
8715
6219
6420
9873
448
4524
5428
70 95
2956
8108
6103
5669
8497
8492
3209
7359
8419
6755
4707
6334
2611
7758
8248
9483
7412
3664
6014
7784
7338
9042
8597
7877
6306
7192
8099
4891
1376
8019
4274
7457
1527
6361
5649
8633
9296
9120
8608
2170
8109
2432
9406
6753
3847
8790
7514
8062
2239
8454
5956
1850
2012
2048
7222
3168
8035
6618
3213
2697
1765
7592
8745
4134
8729
6740
3555
7820
5550
9202
7004
3030
8054
5785
5502
4053
8811
3322
8741
6996
8003
7678
8660
7411
8776
2178
4312
5805
5011
3800
1264
8788
8873
9484
7082
71 96
8370
7902
5565
6207
2294
5868
3436
2021
8807
7534
6482
8510
7586
9452
9196
6774
8674
8626
5671
3081
7851
6711
2735
5880
7685
6692
8997
44
5693
9043
8259
9453
6316
5346
9424
6512
8488
8859
6834
7189
8708
7097
3901
6648
7109
6081
3457
5900
2683
6227
7776
1308
4342
8349
6284
9000
6325
5659
1090
9834
2566
7366
6296
2372
6900
2336
2665
7845
8218
605
6671
9302
3109
559
7651
6964
9801
437
5450
1235
5698
5505
8227
375
6495
1389
6639
7064
7897
6845
7556
7746
5447
1905
7791
7546
72 89
8771
7316
9162
8084
5662
7712
5098
2465
4072
6432
9711
9335
9350
6021
6828
7626
2244
8407
1109
7280
6290
5422
7140
6373
5751
9069
8856
5928
6729
7525
8246
7506
7227
8436
7559
1551
3772
7303
8965
9038
8780
6682
8509
6246
5998
8543
6806
7551
6445
5114
8423
2213
9705
6251
6862
9337
8994
5058
8455
7184
8705
7161
7893
6195
6019
7985
3618
9091
6003
9167
8314
8602
5034
8303
5498
6344
8628
8431
6696
5986
1428
9659
6091
5829
8931
5222
6313
6038
8864
73 90
4696
7751
6231
7315
6904
6017
2043
8735
7854
6622
4644
4750
7068
7627
2448
680
6188
3539
4501
6471
9249
34
7091
5707
5660
1926
9036
40
8692
6841
6786
5766
7914
7253
8422
6791
7202
6858
1332
1026
4722
9366
8149
7265
6855
6441
3832
9394
6071
2974
6079
8726
2573
6146
6831
9032
6727
4648
7118
9275
8933
400
5191
5742
7090
6880
2276
2502
7647
7231
9273
6209
6466
516
8367
7741
6776
9339
9110
4731
5150
5873
7234
5322
5366
9020
7406
2804
7060
1989
74 132
9752
2871
6384
9907
582
4937
8657
8554
6286
2060
1280
3416
7599
240
8343
329
9652
6722
2397
3977
6152
4021
3390
6474
8206
4230
815
2526
9644
2907
9760
3266
8427
477
3970
341
3115
9476
2866
4516
8916
7374
5705
3287
2690
9968
130
9604
7835
5892
2000
8636
8937
6629
9619
3795
1346
9733
4275
3067
8685
315
5393
7042
4979
1415
3453
1506
2705
1504
9509
170
8559
6968
5308
2740
9835
5738
9374
9916
6836
2168
9822
4419
665
9593
1855
4396
2211
9948
9606
8752
915
4129
7370
8064
9583
5374
9774
7193
5258
3428
7395
7103
8943
3025
1072
5779
139
3285
4360
9321
4425
4178
799
9533
3511
3852
1558
3872
4255
2716
3268
4824
3611
1686
2249
5238
6613
5118
4112
1167
75 97
156
2530
5569
3608
197
493
1291
4270
2237
1085
1286
9568
1698
3867
995
3567
8840
9236
2942
7524
9657
2391
1856
544
1311
3828
683
225
3769
4301
1606
9268
2633
1688
610
3621
840
4381
2303
2065
9553
4366
4251
191
2792
3560
4175
540
6864
3811
3751
2717
1867
1962
4422
3882
6830
8581
7827
883
293
8773
1580
1540
2299
106
389
1201
9639
1488
9565
133
1312
1369
2643
9513
9631
526
2821
9540
1181
4921
1573
1614
185
3300
2960
4513
2380
9372
8809
4922
9188
597
1354
1187
4001
76 96
9729
2721
98
6666
7178
6612
8234
6479
858
5844
8055
9343
8924
9471
7195
36
8482
7941
80
9293
5094
2490
7657
67
6636
3448
9228
8594
7229
6687
9977
7539
6070
8836
7833
8992
7242
9709
48
6521
9926
439
6720
509
9888
8424
9667
9434
7076
7489
6160
8765
9929
7813
7726
7080
4522
7634
6593
6998
7682
8486
720
8531
3161
7113
6646
7967
8232
2475
7171
2730
9934
2746
1387
8869
7283
7332
8163
6970
7703
6111
5655
8069
6798
8240
4437
9192
5808
2205
5967
896
5490
3521
6332
6820
77 89
8751
5582
1143
1382
7029
2508
9786
739
5313
3776
3533
3225
4284
9676
9495
9953
3283
450
9613
4371
7388
1176
9991
2219
7901
9427
8191
3041
8346
3906
6589
2192
9011
3378
8022
7174
9448
7141
9865
1430
3724
3715
781
7460
522
8319
9116
5919
6001
2360
5465
4414
9755
9856
8891
8574
6534
8610
7915
9741
2118
8647
5506
4158
8624
5800
7809
2921
5316
9261
9641
9279
1469
947
7622
6194
5952
5889
9461
3366
1708
7717
2315
6890
1474
4384
9234
9838
9496
78 105
6473
664
3892
9969
2666
6252
9775
3902
9836
667
476
6576
5658
8090
5359
6405
1685
4067
6052
916
314
4420
8908
330
9802
239
6978
1897
3871
606
5268
7745
6575
3759
438
9327
9935
169
7375
7831
7365
9645
8221
8542
4022
5762
2965
5931
8740
5119
5704
8658
6257
2498
5375
5890
4256
3551
6945
7600
9949
6281
5799
1309
4967
8616
8014
3743
9753
816
4177
4380
7043
4006
7114
7208
321
6022
6241
9988
376
9584
5104
6396
7892
4424
9653
4758
3458
1281
2850
7652
7396
798
8271
2036
5603
8917
6570
3237
8993
5392
467
47
9908
79 113
2950
4126
2366
6340
775
3595
6032
2546
2662
51
7788
7797
424
3756
4616
3953
2813
460
90
3245
5957
827
966
4626
8464
2342
872
3647
636
3373
9053
1482
4587
4031
9430
9251
2367
1178
4083
1231
6045
8290
269
1554
8778
8264
7663
836
2830
745
1567
9429
1770
8356
903
4968
3725
7331
9770
2317
5571
4973
8746
4637
2217
1152
898
6875
7354
2075
9214
441
3983
2832
1791
8723
3778
1912
2586
342
1114
7400
1223
6717
8091
893
1374
8037
8786
5265
4035
8783
267
2288
3757
1396
3531
2703
6090
1591
4845
9418
472
2809
5530
3804
1952
1975
8310
8033
2864
1473
8364
80 96
4578
6599
3019
8909
5763
8615
9989
5049
1034
7984
9407
8739
8220
7393
9490
4954
5602
7933
6677
6459
5552
7823
8106
4920
5695
4563
6540
5358
9284
6392
5472
7530
4772
6710
5930
2035
6982
5516
6009
5290
8305
4379
7891
4966
468
6685
5125
5269
6336
5391
6574
6457
4759
6411
6245
2497
6166
6282
7847
7691
6675
5891
7066
8117
7956
6518
5399
7841
8013
4894
5065
5497
4066
4746
5148
5105
6658
5038
6280
5656
9168
5507
4799
4597
4815
6182
4642
7390
3742
1829
5479
7340
6053
6157
6376
6256
81 111
1887
5874
38
9395
7860
6493
3874
885
7169
35
7057
3837
3520
1935
7356
188
7214
7571
2532
3286
2449
517
4732
6992
7008
9225
3610
7360
9203
8073
7289
681
2565
1205
2785
9074
2258
8998
2571
2044
3108
4075
7903
2277
6859
1680
7132
1799
1236
3694
3466
861
8350
2495
8219
7913
5547
4223
7445
9405
5323
6672
6063
8871
4202
6799
435
3654
939
2104
9370
2684
7232
7367
6232
7669
339
6585
9090
6849
3162
2503
1390
4180
8166
423
2805
6442
7247
9380
6777
6790
3452
39
9166
8142
9008
8396
7274
2022
8844
7021
2250
7270
8384
8808
9401
4443
1015
5192
3796
82 101
7754
7838
6173
8440
5607
7715
7928
8420
8639
8359
8295
8434
7224
6751
8670
4142
9478
2840
7856
7334
5851
9451
6808
7894
8124
8512
3222
9161
8202
5202
7225
6586
8043
6842
6356
8313
8274
8269
345
6530
8344
5813
7131
7660
6748
1383
8619
9736
3910
7594
8460
7305
8134
7352
8585
8536
5304
6650
6668
7286
8322
8875
9092
5927
8010
7115
6817
8524
6760
1385
9353
9014
5298
1846
7721
6066
8277
3678
7106
8112
8728
7320
9131
6947
7026
6367
6485
788
4187
6567
9462
5684
6359
5254
9390
7619
8688
7871
5824
5473
7665
83 97
4124
2929
1324
1553
1816
8042
3951
2696
3240
3913
1839
7861
8513
1728
983
7755
677
3993
2191
4800
2601
4454
1033
7650
4374
3834
2128
9927
1476
3681
6628
6249
5109
8546
1053
1244
6086
3505
8297
3155
1485
3331
1248
3244
3918
2849
3410
4123
6879
6972
3636
2733
2028
1119
7271
5676
2404
6077
1986
4350
1991
4137
7969
3903
2663
2472
7121
3401
2319
9289
1874
3784
2447
8689
1598
485
3746
9999
7668
1400
3590
2318
1210
2137
7461
3480
6115
1017
1503
6579
3629
1132
3361
3317
4446
1486
8231
84 95
6907
5487
7420
8152
7486
7582
8119
6288
4609
9466
1697
5337
7762
5329
5361
4186
865
4850
5483
6950
5883
7078
5459
5615
5438
5334
5434
5774
5950
4556
6732
6744
6407
5295
5468
7963
7810
6804
6380
7207
6488
6746
8243
5712
7472
5925
5263
6883
4965
6429
5703
6029
6785
7695
6046
5921
8196
6823
4857
5761
6163
6597
7484
8605
8242
5991
4607
5044
6049
7724
9267
1209
5647
7028
5788
5476
6631
6847
7415
5811
5993
7765
6327
7771
8677
8225
5532
5464
5235
5172
5454
5004
4690
6293
8638
85 100
3230
742
7527
9217
4271
723
2139
9649
3291
2015
4355
2644
2004
2416
9790
2180
2966
1947
8508
5841
5641
779
8535
9621
3810
9179
3537
922
4837
3047
9122
8288
9627
4290
2127
3174
2089
1112
6707
3181
6468
1255
8016
9492
2957
9371
9379
1664
9330
1631
3360
3808
9738
4199
9678
3894
4298
1605
1998
1523
1577
1493
7033
5866
2370
3126
1183
2023
9200
2349
2407
3099
1452
9359
363
8148
346
3263
9282
3142
7632
1714
9409
6064
4055
1049
7074
643
4279
6935
4398
2769
7917
7083
2761
5309
1884
3315
4219
2882
86 87
4724
7117
2997
4929
8518
6647
3576
9791
1405
1263
5091
6275
5624
2581
4307
8230
8854
114
1122
9473
6005
6382
9341
5354
1902
311
5731
5518
9144
4656
3660
4981
290
9433
547
653
1817
1647
4718
8443
5293
326
4205
9700
8761
4672
1673
876
5206
724
456
4172
5898
3822
335
9265
4902
7134
8145
5387
8362
7772
6778
2982
252
5618
5025
984
971
5469
9309
5007
7548
2912
4811
1022
5208
8630
7510
4476
8047
1105
3038
5056
433
8785
5943
87 89
6644
9773
9287
3011
3667
8500
1039
4573
7630
6507
8030
153
6422
7035
5297
6164
9047
8684
715
2704
3955
7688
6824
8704
7431
5947
9017
9698
9320
2568
4470
245
8779
429
4886
3603
1431
8538
6368
6484
3662
7890
7136
7371
3650
5835
1232
9242
7023
4084
1495
8983
111
3093
7750
180
4521
4127
2142
4032
2594
2377
6308
7032
4499
3798
2549
9318
6884
1316
3479
8935
6619
9292
9133
2020
6261
2190
8417
8331
5033
274
9348
9883
7558
6903
8631
9210
6427
88 113
1113
2903
385
2393
2622
8755
1810
8197
7570
5371
6222
5613
1258
6119
921
2725
6419
1304
7513
6870
4944
9019
207
546
3439
454
7606
1020
6475
3764
1903
4011
291
3937
8028
7465
6508
895
3332
2680
307
320
1379
6269
8414
9951
4617
7999
1048
65
8991
5143
5492
1215
6453
7972
7151
3945
3103
6706
2252
7798
5145
4260
1456
528
3703
7924
7603
4685
4166
8747
4755
8357
455
5285
7664
6239
5791
1922
6577
7578
500
3584
475
8733
6552
1365
9319
7187
2325
8757
3194
5130
9016
4299
1803
3094
6908
1511
3184
3781
4947
2963
7492
3672
3728
891
4012
618
2016
390
1349
89 107
4992
7326
4150
343
7127
3701
9231
8563
8401
2719
7909
8167
2186
1651
6555
9061
2046
910
7618
4157
23
7676
7752
9060
8577
8654
3431
2177
7255
6270
1628
2100
3630
6999
2486
1234
6916
8120
254
6988
6986
2206
9912
4116
1804
1593
6851
8130
2817
1172
2728
1548
4195
3306
8831
1436
15
2554
6784
950
2011
3845
4405
295
6850
3255
824
3723
2987
4892
7287
8170
3499
222
8272
4333
2014
2854
2931
9025
764
1745
9241
3790
425
2090
4046
8996
1298
7323
8883
8553
4768
8348
4711
1471
4751
6821
4749
9030
9147
5955
9445
8285
527
501
2691
90 95
3817
6825
6440
2482
3106
8481
5847
6075
9876
5362
7920
5001
7818
2386
7518
414
8822
5612
4910
296
2631
5989
8565
6602
6057
5896
7041
5806
1652
1891
3622
5121
8598
8801
5520
5053
2713
8703
8403
4107
5310
8878
6756
9894
7167
6812
9312
4368
3771
3371
13
3876
8907
5776
4565
6409
6026
5556
9068
5327
6350
864
7002
7094
5167
6413
9748
2027
3503
7430
6123
8342
5433
6321
6595
9800
3767
9721
3235
2167
2620
7997
6355
2266
5863
3865
9874
8122
9913
5937
6497
2522
6363
9892
6915
91 97
3412
8829
120
3459
2976
7979
7084
1513
7402
2042
150
1620
847
3327
7607
6761
1069
4487
9778
9442
4549
773
3529
4052
6948
8798
1111
2496
626
5623
573
444
2749
4619
2311
9780
9914
4023
8730
3534
1840
1849
9158
2187
2650
3119
8886
3697
3835
9794
2306
2293
4057
1626
4048
4145
3965
171
601
2959
2823
3355
954
371
3624
1937
747
2182
2880
2061
1980
4214
108
3012
2889
1802
9535
9506
502
9885
2994
9082
8523
5198
9065
4325
4288
1737
5314
6571
3552
3928
264
3302
7709
2150
792
92 97
2583
2859
4550
1253
2514
7012
7899
6684
756
8365
3395
2671
2727
1096
9049
5780
6766
6113
565
1238
9485
9508
2693
3298
7645
6138
2463
3114
6100
1512
8655
5637
3472
3111
3968
7376
3228
1666
3713
8250
3249
4171
3120
2839
2989
1841
3312
6120
2618
5679
7293
4191
5792
428
3887
3497
1315
4859
6417
1706
7609
1969
2264
3392
259
7790
6835
2731
5284
8086
4087
3061
1426
7298
8161
2677
9531
3362
8316
7954
4028
3295
248
9410
4010
3247
2124
803
7239
3203
6454
5211
2026
9174
3687
981
7038
93 105
7934
8107
68
8306
6833
7957
6010
9491
4771
6541
6460
49
6709
6775
4745
5499
6611
9001
7852
7110
6797
859
5551
6110
8116
4919
8164
7284
8595
7848
8511
8228
5048
7391
6183
5504
4798
6458
4598
4643
6971
6600
4895
7538
99
6283
6676
7799
9193
7633
6678
7840
6712
7824
5480
4564
9080
5471
5037
560
8425
6688
81
5489
6158
5400
9472
9976
9887
9229
9285
5508
4814
9454
6167
6997
6659
6686
6719
6645
5066
6522
6375
7983
8472
7170
7177
6410
6649
440
5126
5517
7067
5765
6159
7339
6983
5291
7394
6315
9248
7547
4579
7596
6819
94 111
6873
3824
5716
2331
766
6583
6502
446
6346
7494
7476
7124
6520
4651
4620
4982
7048
5837
4496
8373
1336
8189
4778
7574
8076
9985
3049
6526
1466
4477
814
5628
8502
5368
5197
1067
7495
8190
9329
562
7181
6199
7850
5509
4479
5769
7308
2425
1965
6578
5696
9719
4595
2462
7907
3542
4861
5403
9546
3483
7549
8898
3599
7565
5521
6020
2876
6894
9668
4313
5940
4583
4810
6424
9869
7350
8337
7806
5170
4931
3579
8452
5478
7572
7364
3979
2557
5533
7805
6528
8683
8990
6149
8519
8468
2291
5108
1692
4701
3432
7641
3671
5858
1314
4941
5219
5511
1691
7373
352
9816
95 87
8175
195
4623
9789
1670
9952
1233
9796
9562
654
962
7007
4687
3334
5980
767
7939
8777
1270
6510
3216
1959
9336
7947
7164
8131
3456
6353
29
3580
3176
9618
4468
1744
8222
1888
8914
4004
4736
7783
3206
5014
3961
4304
4040
1420
7839
57
4844
480
4713
5904
3502
2251
5243
549
234
7448
7024
9548
1331
5997
4554
1170
8155
3022
4802
9041
8711
1612
3754
9931
2221
2256
2209
9528
2374
8695
6736
6557
2210
3464
5909
6205
590
20
8
96 106
5617
7702
4912
1091
6483
9852
7958
5181
7196
7119
1906
3736
5692
2059
149
5227
7846
45
9690
5410
7970
5654
8627
7243
4179
6832
174
3447
7792
2204
3389
3220
6480
7557
4517
2729
470
8930
7628
8371
9765
6513
6244
9730
6080
9425
897
7105
510
5093
8823
6285
6705
5876
5544
8283
2337
1243
7916
9833
9169
9924
4435
7942
3219
6206
8241
7683
6295
5923
9176
2722
3734
5394
9930
6516
8675
9897
1776
37
7692
5564
3080
4341
6082
2373
8115
2932
3971
8483
7693
3777
9662
8154
7535
2295
5843
1035
6333
638
1535
7266
6691
2736
7300
5449
97 98
1306
1966
3714
9878
184
2968
1154
3424
1454
2202
6189
7276
2924
9437
2468
7950
924
8495
216
8515
9423
9281
3915
4466
8690
5141
1519
842
2171
5589
2087
2345
3679
3005
8352
2775
4449
3149
9362
1194
1536
8292
2524
8796
3179
2164
3950
9500
3475
9389
494
3024
3561
8528
8772
3856
3055
4182
1463
9387
3396
4448
1703
1492
2197
7172
2408
3102
8921
7292
2153
4455
4184
317
661
3132
316
9088
5537
3319
3200
2371
3709
3398
3934
2081
1531
1004
3967
3386
5933
9132
1086
2355
4294
2438
1517
7160
98 89
1828
3780
4204
2248
2808
323
1911
1508
635
8302
9165
6795
4588
1792
2946
9305
2316
1690
3779
9054
2814
183
8784
2528
4194
7540
5958
265
3986
3889
1769
4090
3900
3257
7720
1063
1514
466
2811
3507
3281
7493
3768
3095
1589
5694
2017
937
2860
50
3760
3159
8332
6030
2833
4349
1931
4076
2829
2550
965
9955
4081
5112
4218
845
7946
1587
837
268
6642
8750
380
6962
2711
828
4203
9624
6307
5370
9215
387
7455
178
2233
2681
9106
774
5529
99 98
281
7051
8012
9552
663
9607
630
1044
3954
9807
1869
8192
9715
578
4411
1182
4062
1764
2795
9489
3797
3609
9537
2702
9590
9932
4295
9961
2878
1811
869
3042
4207
2357
2006
1623
412
1564
2262
2289
3908
7130
9113
9126
3288
9602
8961
1237
4430
3949
4475
9550
4243
4248
288
2077
403
1496
2651
3793
3854
2434
2553
1608
1432
3794
4319
7887
4138
300
1271
666
3628
2701
3948
9072
3123
1750
1265
2577
9815
1036
7088
697
406
694
3233
941
1155
3489
2529
1537
567
2855
1071
4528
2699
6944
